0 0.1162109375 0.2197265625 0.2177734375 0.2255859375
0 0.3359375 0.419921875 0.166015625 0.291015625
0 0.9599609375 0.4931640625 0.0791015625 0.216796875
0 0.890625 0.560546875 0.064453125 0.1728515625
0 0.826171875 0.583984375 0.0498046875 0.1162109375
2 0.203125 0.1650390625 0.220703125 0.1953125
2 0.46875 0.4375 0.095703125 0.1083984375
1 0.765625 0.4912109375 0.064453125 0.3564453125
1 0.861328125 0.541015625 0.0556640625 0.2626953125
1 0.712890625 0.5693359375 0.0361328125 0.2099609375
1 0.818359375 0.556640625 0.033203125 0.2734375
1 0.75 0.5830078125 0.02734375 0.1298828125